========================================================================
== NIVEL 2: Animaciones y Repeticiones
========================================================================

========================================================================
== SOLUCIONES BÁSICAS A LOS RETOS
========================================================================

%%%%%%%%%%%%%%%%%%%%%%%%%%%%%%%%%%%%%%%%%%%%
%%%% Reto 1
%%%%%%%%%%%%%%%%%%%%%%%%%%%%%%%%%%%%%%%%%%%%

Reto 1.1:
----------------------------------------------------------------
3E 88 32 00 C0 76 76 76 76 76 76 76 76 76 76 76 76 76 76 76 76 76 76 76 76 76 76 76 76 76 76 76 76 76 76 76 76
3E 44 32 00 C0 76 76 76 76 76 76 76 76 76 76 76 76 76 76 76 76 76 76 76 76 76 76 76 76 76 76 76 76 76 76 76 76
3E 22 32 00 C0 76 76 76 76 76 76 76 76 76 76 76 76 76 76 76 76 76 76 76 76 76 76 76 76 76 76 76 76 76 76 76 76
3E 11 32 00 C0 76 76 76 76 76 76 76 76 76 76 76 76 76 76 76 76 76 76 76 76 76 76 76 76 76 76 76 76 76 76 76 76
C3 00 40

Reto 1.2:
----------------------------------------------------------------
3E FF 32 00 C0 76 76 76 76 76 76 76 76 76 76 76 76 76 76 76 76 76 76 76 76 76 76 76 76 76 76 76 76 76 76 76 76
3E 7F 32 00 C0 76 76 76 76 76 76 76 76 76 76 76 76 76 76 76 76 76 76 76 76 76 76 76 76 76 76 76 76 76 76 76 76
3E 3F 32 00 C0 76 76 76 76 76 76 76 76 76 76 76 76 76 76 76 76 76 76 76 76 76 76 76 76 76 76 76 76 76 76 76 76
3E 1F 32 00 C0 76 76 76 76 76 76 76 76 76 76 76 76 76 76 76 76 76 76 76 76 76 76 76 76 76 76 76 76 76 76 76 76
3E 0F 32 00 C0 76 76 76 76 76 76 76 76 76 76 76 76 76 76 76 76 76 76 76 76 76 76 76 76 76 76 76 76 76 76 76 76
3E 87 32 00 C0 76 76 76 76 76 76 76 76 76 76 76 76 76 76 76 76 76 76 76 76 76 76 76 76 76 76 76 76 76 76 76 76
3E C3 32 00 C0 76 76 76 76 76 76 76 76 76 76 76 76 76 76 76 76 76 76 76 76 76 76 76 76 76 76 76 76 76 76 76 76
3E E1 32 00 C0 76 76 76 76 76 76 76 76 76 76 76 76 76 76 76 76 76 76 76 76 76 76 76 76 76 76 76 76 76 76 76 76
3E F0 32 00 C0 76 76 76 76 76 76 76 76 76 76 76 76 76 76 76 76 76 76 76 76 76 76 76 76 76 76 76 76 76 76 76 76
3E 70 32 00 C0 76 76 76 76 76 76 76 76 76 76 76 76 76 76 76 76 76 76 76 76 76 76 76 76 76 76 76 76 76 76 76 76
3E 30 32 00 C0 76 76 76 76 76 76 76 76 76 76 76 76 76 76 76 76 76 76 76 76 76 76 76 76 76 76 76 76 76 76 76 76
3E 10 32 00 C0 76 76 76 76 76 76 76 76 76 76 76 76 76 76 76 76 76 76 76 76 76 76 76 76 76 76 76 76 76 76 76 76
3E 00 32 00 C0 76 76 76 76 76 76 76 76 76 76 76 76 76 76 76 76 76 76 76 76 76 76 76 76 76 76 76 76 76 76 76 76
C3 00 40

Reto 1.3
----------------------------------------------------------------
21 70 E0 22 00 C0 22 00 E8 21 52 A4 22 00 C8 21 F0 F0 22 00 D0 22 00 D8 21 71 E0 22 00 E0 
0E 80 76 0D 20 FC 
21 71 E8 22 00 E0 
0E 80 76 0D 20 FC 
21 73 EC 22 00 E0 
0E 80 76 0D 20 FC 
21 F2 F4 22 00 D8 21 71 E8 22 00 E0 
0E FF 76 0D 20 FC 
C3 0F 40 

%%%%%%%%%%%%%%%%%%%%%%%%%%%%%%%%%%%%%%%%%%%%
%%%% Reto 2
%%%%%%%%%%%%%%%%%%%%%%%%%%%%%%%%%%%%%%%%%%%%

Reto 2.1
----------------------------------------------------------------
3E 00
21 00 FF
22 00 C0 06 32 76 10 FD
22 01 C0 06 32 76 10 FD
22 02 C0 06 32 76 10 FD
22 03 C0 06 32 76 10 FD
22 04 C0 06 32 76 10 FD
32 05 C0
C3 05 40

Reto 2.2
----------------------------------------------------------------
21 00 FF
22 00 C0 06 32 76 10 FD
22 01 C0 06 32 76 10 FD
22 02 C0 06 32 76 10 FD
22 03 C0 06 32 76 10 FD
22 04 C0 06 32 76 10 FD
21 FF 00
22 04 C0 06 32 76 10 FD
22 03 C0 06 32 76 10 FD
22 02 C0 06 32 76 10 FD
22 01 C0 06 32 76 10 FD
22 00 C0 06 32 76 10 FD
C3 00 40

%%%%%%%%%%%%%%%%%%%%%%%%%%%%%%%%%%%%%%%%%%%%
%%%% Reto 3
%%%%%%%%%%%%%%%%%%%%%%%%%%%%%%%%%%%%%%%%%%%%

Reto 3.1.
-----------------------------------------------------------------
21 A2 C0 
36 FF 26 C8 
36 A5 26 D0 
36 5A 26 D8 
36 FF 26 C0 
18 FE

Reto 3.2.
-----------------------------------------------------------------
21 A0 C0 
0E 50 
36 FF 26 C8 
36 A5 26 D0 
36 5A 26 D8 
36 FF 26 C0 
23 0D C2 05 40 
18 FE


Reto 3.3.
-----------------------------------------------------------------
## Código RETO 3.2.
21 A0 C0 0E 50 36 FF 26 C8 36 A5 26 D0 36 5A 26 D8 36 FF 26 C0 23 0D C2 05 40 21 00 C0
##
0E 50
36 F0 26 C8
36 5A 26 D0
36 A5 26 D8
36 1E 26 E0
36 0F 26 E8
36 0A 26 F0
36 05 26 F8
36 08 26 C0
23 0D C2 1F 40
21 50 C0
0E 50
36 00 26 C8
36 00 26 D0
36 00 26 D8
36 00 26 E0
36 00 26 E8
36 00 26 F0
36 00 26 F8
36 00 26 C0
23 0D C2 49 40
18 FE

Reto 3.4.
-----------------------------------------------------------------

## CODIGO Reto 3.3.
21 A0 C0 0E 50 36 FF 26 C8 36 A5 26 D0 36 5A 26 D8 36 FF 26 C0 23 0D C2 05 40 21 00 C0 0E 50 36 F0 26 C8 36 5A 26 D0 36 A5 26 D8 36 1E 26 E0 36 0F 26 E8 36 0A 26 F0 36 05 26 F8 36 08 26 C0 23 0D C2 1F 40 21 50 C0 0E 50 36 00 26 C8 36 00 26 D0 36 00 26 D8 36 00 26 E0 36 00 26 E8 36 00 26 F0 36 00 26 F8 36 00 26 C0 23 0D C2 49 40 
##
21 50 C0 
36 70 23 36 80 26 C8
36 00 2B 36 D5 26 D0
36 77 23 36 08 26 D8
36 7F 2B 36 05 26 E0
36 06 23 36 04 26 E8
36 80 2B 36 70 26 F0
36 40 23 36 80 26 F8
36 C0 2B 36 60 

21 52 D8 
3E 4C 
36 F0 
0E 10 76 0D 20 FC 
36 00 
23 
3D 
20 F2 

21 9F D0
36 00 26 D8
36 66 26 E0
36 66 26 E8
36 00 26 D0
0E 10 76 0D 20 FC 
36 99 26 D8
36 64 26 E0
36 62 26 E8
36 99 26 D0
0E 10 76 0D 20 FC 
36 98 26 D8
36 42 26 E0
36 24 26 E8
36 91 26 D0
0E 10 76 0D 20 FC 
36 81 26 D8
36 04 26 E0
36 02 26 E8
36 18 26 D0
0E 10 76 0D 20 FC 
36 08 26 D8
36 00 26 E0
36 00 26 E8
36 01 26 D0
0E 10 76 0D 20 FC 
36 00 26 E8
36 00 

18 FE

***************************************
***************************************
***************************************



Mover un cuadrado de 4x4 píxeles de izquierda a derecha de la pantalla con un bucle (utilizando un bucle interno de retardo, con halts)

06 50 
21 00 C0 
3E FF 
77 26 C8 77 26 D0 77 26 D8 77 26 C0 
0E 50 76 0D 20 FC 
3E 00 
77 26 C8 77 26 D0 77 26 D8 77 26 C0 
23 05 C2 05 40 
18 FE

Mover el mismo cuadrado pero haciendo que cambie de animación en cada iteración (de rojo a amarillo)

06 28
21 00 C0 
3E FF 
77 26 C8 77 26 D0 77 26 D8 77 26 C0 
0E 50 76 0D 20 FC 
3E 00 
77 26 C8 77 26 D0 77 26 D8 77 26 C0 
23
3E F0 
77 26 C8 77 26 D0 77 26 D8 77 26 C0 
0E 50 76 0D 20 FC 
3E 00 
77 26 C8 77 26 D0 77 26 D8 77 26 C0 
23 
05 C2 05 40 
18 FE



3E F9 32 02 C8 32 02 D0 3E 66 32 02 C0 32 02 D8 06 32 76 10 FD 
32 02 C8 32 02 E0 3E 00 32 02 C0 3E F9 32 02 D8 06 30 76 10 FD 
32 02 E0 3E 00 32 02 C8 3E 66 32 02 E8 32 02 D0 06 2C 76 10 FD 
32 02 F0 32 02 D8 3E 00 32 02 D0 3E F9 32 02 E8 06 24 76 10 FD 
32 02 F0 3E 00 32 02 D8 3E 66 32 02 F8 32 02 E0 06 14 76 10 FD 
32 02 D8 32 02 F0 3E 00 32 02 F8 3E F9 32 02 E0 06 24 76 10 FD 
32 02 D8 3E 00 32 02 F0 3E 66 32 02 E8 32 02 D0 06 2C 76 10 FD 
32 02 C8 32 02 E0 3E 00 32 02 E8 3E F9 32 02 D0 06 32 76 10 FD 
3E 00 32 02 E0 C3 00 40